0.000000000000000000e+00
2.999999999999999737e-04
2.999999999999999737e-04
2.999999999999999737e-04
2.999999999999999737e-04
2.999999999999999737e-04
2.999999999999999737e-04
2.999999999999999737e-04
2.999999999999999737e-04
2.999999999999999737e-04
2.999999999999999737e-04
5.099999999999998198e-04
7.199999999999997201e-04
9.299999999999998372e-04
1.139999999999999954e-03
1.350000000000000071e-03
1.559999999999999755e-03
1.769999999999999872e-03
1.979999999999999989e-03
2.189999999999999673e-03
2.399999999999999790e-03
2.890000000000000208e-03
3.379999999999999324e-03
3.870000000000000176e-03
4.360000000000001028e-03
4.850000000000000144e-03
5.340000000000000129e-03
5.830000000000000113e-03
6.320000000000000964e-03
6.810000000000001816e-03
7.300000000000000065e-03
8.250000000000000389e-03
9.199999999999999845e-03
1.015000000000000104e-02
1.110000000000000223e-02
1.205000000000000168e-02
1.300000000000000114e-02
1.394999999999999712e-02
1.489999999999999658e-02
1.584999999999999604e-02
1.679999999999999896e-02
1.843000000000000194e-02
2.006000000000000144e-02
2.168999999999999401e-02
2.331999999999999698e-02
2.494999999999999996e-02
2.657999999999999946e-02
2.821000000000000243e-02
2.984000000000000541e-02
3.146999999999999797e-02
3.309999999999999748e-02
3.570000000000000256e-02
3.830000000000000071e-02
4.090000000000000580e-02
4.350000000000001088e-02
4.610000000000001597e-02
4.870000000000001411e-02
5.130000000000001920e-02
5.390000000000001734e-02
5.649999999999999467e-02
5.909999999999999976e-02
6.316000000000000780e-02
6.722000000000000197e-02
7.128000000000001002e-02
7.534000000000001807e-02
7.940000000000002611e-02
8.346000000000003416e-02
8.752000000000002833e-02
9.158000000000003638e-02
9.564000000000003054e-02
9.970000000000006635e-02
1.062600000000000766e-01
1.128200000000000036e-01
1.193800000000000000e-01
1.259399999999999964e-01
1.325000000000000067e-01
1.390600000000000169e-01
1.456199999999999994e-01
1.521800000000000097e-01
1.587399999999999922e-01
1.653000000000000025e-01
1.770400000000000307e-01
1.887800000000000311e-01
2.005200000000000315e-01
2.122600000000000597e-01
2.239999999999999492e-01
2.357399999999999496e-01
2.474799999999999778e-01
2.592200000000000060e-01
2.709599999999999786e-01
2.827000000000000068e-01
3.044000000000000594e-01
3.261000000000001120e-01
3.478000000000001091e-01
3.695000000000001616e-01
3.912000000000005473e-01
4.404750000000005605e-01
4.897500000000000187e-01
5.390250000000000874e-01
5.883000000000000451e-01
1.000000000000000000e+00
