0.000000000000000000e+00
-5.000000000000000104e-03
-8.477777777777778523e-03
-1.195555555555555260e-02
-1.543333333333333363e-02
-1.891111111111111118e-02
-2.238888888888888873e-02
-2.586666666666666281e-02
-2.934444444444444383e-02
-3.282222222222221791e-02
-3.629999999999999200e-02
-3.654999999999999916e-02
-3.679999999999999938e-02
-3.704999999999999960e-02
-3.729999999999999982e-02
-3.755000000000000004e-02
-3.780000000000000027e-02
-3.805000000000000049e-02
-3.830000000000000071e-02
-3.855000000000000093e-02
-3.880000000000000115e-02
-3.851000000000000256e-02
-3.822000000000000397e-02
-3.792999999999999844e-02
-3.763999999999999985e-02
-3.735000000000000125e-02
-3.706000000000000266e-02
-3.676999999999999713e-02
-3.647999999999999854e-02
-3.618999999999999995e-02
-3.590000000000000135e-02
-3.413000000000000062e-02
-3.235999999999999988e-02
-3.058999999999999914e-02
-2.881999999999999840e-02
-2.704999999999999766e-02
-2.527999999999999692e-02
-2.351000000000000312e-02
-2.174000000000000238e-02
-1.997000000000000164e-02
-1.820000000000000090e-02
-1.420999999999999694e-02
-1.021999999999999124e-02
-6.230000000000008101e-03
-2.240000000000002406e-03
1.750000000000001554e-03
5.740000000000005514e-03
9.730000000000009475e-03
1.372000000000001690e-02
1.770999999999999658e-02
2.170000000000000054e-02
2.809000000000000732e-02
3.448000000000001064e-02
4.087000000000001743e-02
4.726000000000002421e-02
5.365000000000003100e-02
6.004000000000003778e-02
6.643000000000004457e-02
7.282000000000005135e-02
7.920999999999998875e-02
8.559999999999999554e-02
9.472000000000001252e-02
1.038400000000000156e-01
1.129600000000000326e-01
1.220800000000000496e-01
1.312000000000000388e-01
1.403200000000000558e-01
1.494400000000000728e-01
1.585600000000000898e-01
1.676800000000001067e-01
1.768000000000001515e-01
1.893600000000001393e-01
2.019200000000000161e-01
2.144800000000000040e-01
2.270400000000000196e-01
2.396000000000000074e-01
2.521599999999999953e-01
2.647200000000000109e-01
2.772799999999999709e-01
2.898399999999999865e-01
3.024000000000000021e-01
3.204000000000000181e-01
3.384000000000000341e-01
3.564000000000000501e-01
3.744000000000000661e-01
3.923999999999999155e-01
4.103999999999999315e-01
4.283999999999998920e-01
4.463999999999999635e-01
4.643999999999999795e-01
4.823999999999999955e-01
5.088200000000000500e-01
5.352400000000001601e-01
5.616600000000001591e-01
5.880800000000002692e-01
6.145000000000004903e-01
6.584250000000004821e-01
7.023500000000000298e-01
7.462750000000000217e-01
7.902000000000000135e-01
1.000000000000000000e+00
